<!--<svg version="1.1" id="Calque_1" xmlns="http://www.w3.org/2000/svg" xmlns:xlink="http://www.w3.org/1999/xlink" x="0px" y="0px"
               width="595.28px" height="850.39px" viewBox="0 0 595.28 850.39" enable-background="new 0 0 595.28 850.39" xml:space="preserve">
              <polygon id="sud92" fill="#074d97" stroke="#F6F6F6" stroke-miterlimit="10" points="344.14,237.036 348.621,232.557 351.013,228.663 
                348.115,226.173 337.058,222.492 333.88,221.397 327.305,219.01 324.317,217.91 318.543,215.325 315.361,213.428 304.996,215.022 
                298.227,208.352 298.031,208.55 298.028,208.555 294.141,207.66 286.877,193.915 268.446,185.745 269.945,178.675 275.419,166.921 
                275.943,165.716 275.419,166.932 278.309,165.336 285.387,158.955 292.751,161.053 296.63,154.58 311.764,156.672 315.154,148.306 
                315.155,148.308 327.197,140.935 330.202,138.835 327.605,136.659 317.646,127.691 314.963,129.173 305.207,123.509 301.31,124.093 
                300.908,127.19 295.348,124.491 295.348,124.492 294.841,115.841 276.42,122.901 272.727,124.395 272.531,120.621 266.462,107.462 
                263.684,110.463 251.234,120.918 247.948,123.009 230.909,132.073 227.03,135.853 227.027,135.851 225.325,138.835 218.265,153.588 
                216.37,157.251 212.293,164.334 214.474,166.621 214.677,172.197 212.293,179.068 217.758,188.333 219.063,191.819 211.497,192.922 
                208.404,200.288 208.404,204.374 209.689,210.739 210.388,213.925 211.982,220.907 211.682,224.48 211.682,224.981 216.865,230.059 
                219.839,232.348 228.711,229.459 231.801,230.954 238.087,247.189 236.49,250.48 251.429,249.376 251.431,249.375 256.698,255.158 
                256.31,262.826 267.649,265.618 269.551,269.091 269.537,269.099 271.335,276.865 274.418,283.541 274.127,287.223 291.261,293.597 
                298.927,293.198 304.003,297.282 307.581,298.479 312.364,311.823 309.584,314.313 307.096,317.209 309.274,324.369 
                327.305,318.979 327.906,326.554 328.801,330.338 338.159,325.371 341.54,307.542 334.967,304.354 334.676,296.981 338.663,286.819 
                341.346,282.354 341.349,282.354 345.818,269.396 343.35,263.522 340.452,262.229 343.545,250.475 344.635,246.59 345.434,243.404 
                340.949,236.738 "/>
              <polygon id="paris_18" fill="#074d97" stroke="#F6F6F6" stroke-miterlimit="10" points="381.183,130.476 377.8,130.476 367.14,130.476 
                353.7,130.684 350.315,130.771 350.315,130.766 346.425,131.064 342.545,131.174 339.656,133.457 330.204,138.833 327.199,140.933 
                315.157,148.306 311.774,156.66 314.653,158.065 323.33,162.238 328.502,156.471 344.033,152.375 347.922,151.282 347.923,151.288 
                347.515,163.433 346.718,167.42 348.409,167.119 363.649,166.321 365.157,151.288 376.689,150.601 381.885,137.444 "/>
              <polygon id="paris_centre" fill="#074d97" stroke="#F6F6F6" stroke-miterlimit="10" points="402.103,188.831 386.064,165.038 379.298,168.314 
                376.012,170.207 376.011,170.202 372.227,169.015 368.541,167.924 368.542,167.922 363.659,166.327 348.424,167.124 
                348.419,167.119 346.727,167.417 347.524,163.442 347.933,151.282 344.033,152.38 328.502,156.461 323.319,162.238 326.704,171.398 
                328.105,174.388 321.433,177.574 319.041,180.472 321.626,183.058 332.385,192.722 339.56,193.917 339.564,193.915 345.629,197.694 
                348.731,199.188 354.79,202.274 361.068,185.65 373.715,192.219 376.106,194.908 378.897,189.627 379.793,186.744 383.383,188.441 
                402.795,192.92 "/>
              <polygon id="paris_19" fill="#074d97" stroke="#F6F6F6" stroke-miterlimit="10" points="415.436,184.649 414.949,181.172 413.948,163.832 
                411.956,157.559 411.952,157.561 409.562,155.163 404.086,151.379 402.803,144.814 402.287,140.833 395.916,131.064 
                381.183,130.476 381.885,137.448 376.689,150.601 365.157,151.288 363.659,166.321 368.533,167.917 372.216,169.011 
                376.011,170.207 379.298,168.314 386.064,165.038 386.064,165.032 402.093,188.831 402.795,192.916 412.46,194.209 415.639,194.607 
                416.039,191.618 "/>
              <polygon id="paris_14" fill="#074d97" stroke="#F6F6F6" stroke-miterlimit="10" points="358.972,203.866 356.783,203.165 354.79,202.271 
                348.731,199.193 345.636,197.693 345.638,197.69 339.549,193.917 332.385,192.722 321.626,183.064 319.041,180.466 321.433,177.579 
                328.105,174.388 326.711,171.395 323.319,162.243 314.662,158.06 311.774,156.665 296.633,154.574 292.753,161.046 285.382,158.944 
                278.311,165.33 275.413,166.919 269.947,178.672 268.449,185.743 286.879,193.906 294.144,207.654 298.033,208.548 298.229,208.354 
                305.008,215.02 315.355,213.426 318.555,215.326 324.312,217.918 327.307,219.013 333.883,221.401 337.07,222.499 348.117,226.17 
                351.015,228.661 360.273,229.856 360.565,226.083 "/>
              <g id="noisy_bagnolet_montreuil">
                <polygon fill="#074d97" stroke="#C6C6C6" stroke-miterlimit="10" points="552.863,229.495 549.77,218.744 546.288,217.358 
                  546.093,209.889 544.403,206.194 536.631,187.569 543.302,184.395 546.696,177.82 546.988,174.139 543.205,173.731 
                  532.148,173.041 531.255,173.24 518.006,165.163 507.056,163.379 502.972,163.178 499.492,161.39 495.805,162.785 489.628,160.893 
                  487.14,158.803 485.447,162.385 477.277,179.708 479.768,184.584 483.054,182.805 488.229,188.183 490.426,191.062 
                  491.925,189.676 491.929,189.675 493.916,192.759 506.161,198.325 509.741,204.5 531.758,220.941 532.264,228.4 533.451,232.087 
                  550.471,241.15 553.261,233.18   "/>
                <polygon fill="#074d97" stroke="#F6F6F6" stroke-miterlimit="10" points="458.353,168.163 455.668,161.18 453.086,158.394 
                  449.796,158.005 443.121,157.908 440.827,160.592 436.15,165.474 430.577,162.28 429.187,157.694 426.298,158.004 424.997,154.221 
                  422.311,142.969 420.717,146.156 412.16,152.122 405.779,145.946 402.492,144.852 403.785,151.425 409.261,155.209 
                  411.653,157.596 413.646,163.88 414.64,181.209 415.136,184.681 415.737,191.654 417.741,191.557 435.654,188.279 439.35,189.573 
                  444.911,184.686 462.243,179.109 465.822,177.922 465.238,170.852   "/>
              </g>
              <polygon id="saint_denis" fill="#074d97" stroke="#F6F6F6" stroke-miterlimit="10" points="555.547,89.19 552.473,79.323 551.072,76.148 
                549.683,72.35 531.566,45.563 539.423,39.995 542.009,32.43 539.031,16.883 535.726,15.391 531.457,2.752 527.975,2.943 
                521.702,5.641 521.003,9.614 506.055,11.913 489.728,39.203 482.062,41.479 481.266,45.563 478.775,46.068 477.785,48.559 
                474.088,47.965 455.278,59.305 449.695,68.869 447.006,68.067 441.336,68.578 438.943,66.982 431.472,68.276 421.204,64.683 
                417.536,63.589 412.246,65.785 409.864,67.371 409.862,67.376 406.576,65.383 390.841,49.56 388.352,49.248 385.861,48.661 
                382.08,47.659 378.393,46.068 375.105,47.26 369.136,55.828 365.458,54.131 359.08,57.321 353.099,67.775 351.104,65.383 
                349.304,62.794 346.427,64.687 337.762,59.708 331.578,58.711 326.616,54.835 323.718,57.418 318.835,63.292 319.44,66.277 
                321.519,71.85 318.933,72.958 322.532,73.158 336.38,76.333 340.153,77.338 354.1,83.914 354.897,95.564 348.906,105.713 
                346.824,108.211 344.141,110.104 342.936,113.289 340.251,114.583 337.565,115.779 339.453,119.45 342.256,131.213 346.123,131.1 
                350.016,130.813 353.399,130.726 366.839,130.518 377.498,130.513 380.882,130.518 395.625,131.106 401.994,140.875 
                402.492,144.857 405.779,145.95 412.16,152.126 420.717,146.159 422.311,142.964 424.997,154.226 426.298,157.999 429.198,157.703 
                430.577,162.285 436.15,165.468 440.827,160.592 443.121,157.902 449.796,158.005 453.086,158.404 453.09,158.398 455.668,161.186 
                458.353,168.154 465.238,170.842 465.822,177.922 477.277,179.708 485.447,162.391 487.14,158.803 489.628,160.884 495.814,162.781 
                499.492,161.386 502.983,163.178 507.056,163.379 518.016,165.173 531.255,173.24 532.148,173.05 534.343,158.102 528.666,153.021 
                525.777,150.436 520.039,149.504 525.789,150.429 547.194,135.198 546.686,127.531 550.079,125.431 551.48,124.745 548.379,122.454 
                551.275,104.43 554.166,103.234 559.134,99.44 559.243,95.463 "/>
              <polygon id="nord92" fill="#074d97" stroke="#F6F6F6" stroke-miterlimit="10" points="355.195,95.524 354.398,83.87 340.452,77.298 
                336.678,76.295 336.679,76.293 322.832,73.118 319.23,72.919 304.003,77.498 290.864,86.559 287.482,88.743 287.469,88.743 
                284.494,91.543 274.613,99.011 271.93,101.798 266.462,107.469 272.531,120.621 272.727,124.395 276.42,122.901 294.841,115.841 
                295.348,124.5 300.918,127.198 301.31,124.096 305.199,123.5 314.952,129.173 317.645,127.692 327.597,136.648 330.193,138.842 
                339.654,133.462 342.555,131.173 339.752,119.42 337.864,115.739 340.55,114.547 343.233,113.25 344.438,110.063 347.122,108.172 
                349.205,105.683 "/>
              <polygon id="valdemarne" fill="#c6c6c5" stroke="#F6F6F6" stroke-miterlimit="10" points="554.532,295.563 567.78,294.98 561.41,280.839 
                546.568,279.147 547.862,271.27 554.029,261.12 555.72,257.436 554.029,253.842 550.159,252.744 551.342,249.354 554.029,242.702 
                550.741,241.096 533.722,232.034 532.535,228.353 532.028,220.883 510.012,204.442 506.424,198.271 494.179,192.705 
                492.185,189.607 490.697,191.004 488.509,188.125 483.323,182.747 480.037,184.531 477.547,179.643 466.092,177.859 
                462.514,179.055 445.182,184.634 439.612,189.51 435.925,188.227 418.002,191.505 418.002,191.506 416.008,191.602 415.601,194.592 
                416.008,208.533 405.746,214.903 398.677,216.696 395.586,218.588 395.598,218.597 379.268,228.154 375.881,229.851 
                372.486,230.337 369.104,230.041 369.102,230.043 366.818,227.157 360.243,229.845 350.976,228.64 348.594,232.535 344.101,237.018 
                340.921,236.715 345.404,243.387 344.606,246.568 343.517,250.458 340.415,262.211 343.315,263.504 345.803,269.381 
                345.792,269.384 341.32,282.327 338.641,286.801 338.635,286.8 334.648,296.964 334.95,304.336 341.513,307.525 347.29,306.33 
                349.386,308.61 349.38,308.615 356.959,317.075 364.427,317.579 367.509,319.759 375.57,311.697 379.354,311.32 379.665,328.921 
                379.665,332.409 379.657,332.412 379.657,335.398 379.861,341.368 391.996,341.581 410.834,334.803 413.715,340.884 
                413.323,344.363 425.879,337.788 429.349,337.206 433.027,336.003 435.031,340.686 438.123,346.755 441.509,347.456 
                441.099,340.279 454.754,334.016 458.538,333.317 458.538,333.306 460.415,333.306 464.01,333.023 467.396,331.722 483.627,325.244 
                487.118,325.244 491.184,331.818 493.088,347.164 494.082,350.84 499.256,355.616 501.551,358.309 500.653,360.595 503.047,365.983 
                510.012,366.878 513.201,367.567 516.284,374.531 516.79,378.431 530.53,375.329 534.216,375.145 534.714,371.75 537.806,370.369 
                536.31,364.668 534.216,362.782 532.126,357.415 531.624,355.432 533.816,352.221 541.093,339.189 552.141,329.027 551.751,325.051 
                546.869,314.704 556.03,307.029 "/>
              <linearGradient id="SVGID_1_" gradientUnits="userSpaceOnUse" x1="269.9351" y1="525.3477" x2="269.935" y2="940.9506">
                <stop  offset="0" style="stop-color:#C7C6C5"/>
                <stop  offset="0.1914" style="stop-color:#D4D3D3"/>
                <stop  offset="0.7125" style="stop-color:#F3F3F3"/>
                <stop  offset="1" style="stop-color:#FFFFFF"/>
              </linearGradient>
              <polygon fill="url(#SVGID_1_)" points="510.835,709.851 490.527,682.173 481.064,679.586 481.161,662.157 480.664,658.385 
                481.753,654.998 478.273,648.721 476.183,647.726 477.065,645.626 481.958,643.134 479.468,616.353 485.547,611.471 
                485.245,608.669 486.937,603.407 483.057,602.502 472.485,608.388 461.545,603.504 457.956,602.31 453.18,605.305 453.858,616.653 
                438.74,615.954 437.546,618.938 438.74,615.943 434.945,614.756 429.278,601.91 419.316,595.425 412.054,592.564 404.584,595.133 
                404.274,593.44 400.492,592.739 374.505,585.291 373.707,581.399 372.521,565.459 379.076,555.395 369.73,556.794 367.638,554.402 
                365.944,551.117 356.681,535.69 360.567,530.408 357.972,527.522 351.902,509.899 354.783,503.229 353.487,491.774 355.387,488.293 
                370.709,483.39 371.714,479.434 370.916,475.531 370.12,460.002 366.636,458.514 362.952,457.51 347.925,457.305 346.719,458.103 
                343.034,457.714 318.837,450.149 318.041,457.62 311.177,460.303 308.782,457.405 305.991,454.916 299.018,453.328 291.743,464.776 
                288.563,463.688 275.318,465.572 272.926,462.697 266.156,454.225 267.158,446.863 263.561,445.655 252.319,444.169 
                249.731,446.958 249.032,446.863 246.737,443.77 237.976,436.396 233.492,442.681 225.32,433.908 220.944,422.557 230.203,414.593 
                216.861,411.401 213.475,410.604 212.573,403.722 220.848,392.479 218.26,391.777 214.772,391.088 209.792,381.927 203.216,379.543 
                199.336,379.837 188.463,382.424 188.075,386.313 184.982,388.899 177.63,392.09 173.835,390.494 174.041,382.52 181.199,372.66 
                169.655,369.78 166.165,367.581 163.177,364.995 157.41,379.543 154.221,378.436 148.046,375.536 145.458,377.744 142.678,377.346 
                137.095,377.744 133.209,377.15 126.625,385.106 122.755,385.313 116.181,404.333 115.869,407.902 111.002,411.112 104.029,409.011 
                102.736,415.984 106.518,426.633 109.208,429.416 120.464,430.212 121.249,441.476 125.341,447.659 125.741,448.047 
                128.528,450.928 137.699,458.607 135.306,469.365 131.416,469.466 120.065,472.846 118.369,480.529 117.872,484.108 
                120.858,490.374 118.072,493.057 105.425,516.165 105.912,527.62 105.913,527.621 102.244,528.719 79.229,528.126 76.648,531.006 
                63.591,523.739 59.711,524.635 44.283,521.453 41.385,537.189 62.799,553.215 73.551,554.305 74.348,562.086 66.782,564.058 
                64.292,561.581 55.53,566.657 54.334,570.448 40.7,598.611 39.494,615.264 35.612,616.353 26.846,624.124 26.548,636.173 
                30.74,642.842 35.612,645.031 37.211,647.425 38.51,656.975 42.98,661.847 46.465,662.352 42.085,668.731 43.188,684.177 
                32.925,695.008 35.823,696.313 36.221,705.278 57.431,704.191 60.805,705.185 70.667,708.254 72.358,711.258 72.363,711.257 
                65.391,729.28 63.995,732.965 71.863,734.553 77.042,749.392 79.73,752.484 70.467,760.452 66.388,779.967 75.248,793.718 
                69.973,799.398 71.057,810.242 57.028,816.224 59.017,823.091 62.303,830.159 69.375,833.445 72.062,840.518 79.843,841.82 
                83.712,842.307 95.563,843.901 110.9,840.224 121.856,843.2 128.329,838.631 129.326,832.563 156.313,833.942 166.077,822.197 
                172.95,819.104 176.833,819.413 175.139,827.369 174.245,831.356 197.935,828.865 213.767,830.063 214.469,826.473 209.099,821.804 
                207.991,818.408 207.096,810.945 218.153,813.13 221.14,810.834 226.625,813.322 229.405,812.333 230.708,800.684 249.625,776.369 
                255.399,786.048 268.647,794.205 279.803,794.01 273.325,809.746 281.193,810.945 278.704,826.668 278.605,830.754 286.173,827.271 
                294.535,814.327 297.326,811.535 318.643,818.905 321.425,816.224 331.091,794.304 334.767,792.717 341.74,793.817 344.124,791.329 
                352.594,807.654 364.45,817.509 375.398,819.606 394.424,813.93 397.706,808.151 400.899,805.867 395.315,799.888 394.326,792.029 
                393.023,788.127 400.003,791.52 406.871,788.041 422.099,787.533 425.193,789.925 422.604,774.89 431.064,763.629 424.9,760.85 
                422.303,757.969 424.9,755.273 430.968,750.694 438.438,752.099 437.943,744.519 463.238,734.559 456.553,725.291 466.126,717.826 
                481.849,720.216 493.812,709.662 513.322,712.75 "/>
              <polygon id="evry_corbeil" fill="#074d97" stroke="#F6F6F6" stroke-miterlimit="10" points="498.674,464.787 497.997,457.316 491.321,447.95 
                494.203,445.558 509.548,442.864 515.714,424.261 513.029,421.868 504.859,415.38 502.275,412.891 495.304,414.301 492.813,411.705 
                490.819,409.011 482.162,398.363 479.865,395.571 477.571,392.673 473.692,387.995 470.102,389.192 454.174,399.365 
                451.288,396.952 447.697,398.751 424.394,419.165 421.397,416.577 407.367,402.943 404.779,405.919 395.12,431.018 388.843,446.356 
                385.862,448.455 380.089,457.112 370.128,460.009 370.928,475.531 371.725,479.423 370.723,483.399 355.387,488.271 
                353.499,491.764 354.783,503.229 351.902,509.892 357.972,527.522 360.558,530.4 356.667,535.683 365.944,551.117 367.638,554.402 
                369.72,556.794 379.076,555.395 372.521,565.449 373.707,581.391 374.505,585.291 400.5,592.76 404.274,593.44 404.576,595.133 
                412.044,592.553 419.316,595.435 429.278,601.9 434.945,614.756 438.74,615.961 453.858,616.653 453.18,605.305 457.966,602.31 
                461.545,603.516 472.496,608.379 483.047,602.514 486.937,603.407 488.436,586.962 484.749,586.865 483.047,579.7 475.979,578.006 
                485.245,548.528 477.477,548.131 492.022,526.335 493.31,518.652 502.575,512.584 498.795,512.779 494.999,512.986 495.206,508.89 
                492.413,501.334 508.654,489.273 510.345,485.589 511.238,471.759 509.04,468.667 "/>
              <polygon id="grigny" fill="#074d97" stroke="#F6F6F6" stroke-miterlimit="10" points="540.912,378.144 534.232,375.148 530.555,375.354 
                516.803,378.436 516.316,374.555 513.224,367.581 510.035,366.882 503.07,365.986 500.677,360.6 501.574,358.323 499.279,355.64 
                494.104,350.854 493.111,347.178 491.229,331.842 487.141,325.258 483.649,325.258 467.419,331.736 464.033,333.018 
                460.446,333.331 458.547,333.331 454.776,334.021 441.12,340.293 441.53,347.47 438.145,346.769 435.053,340.692 433.05,336.014 
                429.371,337.22 425.892,337.802 413.337,344.377 413.737,340.898 410.858,334.817 392.03,341.595 379.872,341.393 379.681,335.412 
                379.681,332.435 379.681,328.943 379.386,311.313 375.594,311.722 367.529,319.782 365.246,322.671 367.529,319.773 364.45,317.593 
                356.98,317.089 349.402,308.629 347.323,306.333 341.535,307.539 338.162,325.367 328.797,330.345 327.698,337.802 326.793,341.489 
                325.308,344.786 320.725,350.252 321.133,355.63 320.533,358.421 327.512,361.709 334.066,375.645 337.547,373.854 344.326,376.344 
                346.813,379.037 345.429,380.225 353.487,392.479 353.887,399.151 355.679,402.339 357.177,402.339 354.082,418.369 353.09,422.354 
                349.901,419.962 339.047,408.408 339.35,404.44 336.761,407.708 332.085,414.399 329.391,417.083 323.912,422.354 323.021,429.023 
                323.212,432.615 318.837,450.149 343.034,457.714 346.729,458.122 347.915,457.306 347.916,457.328 362.952,457.503 
                366.636,458.514 370.12,460.009 380.077,457.112 385.854,448.455 388.843,446.356 395.112,431.027 395.12,431.029 404.768,405.919 
                407.367,402.943 421.397,416.577 424.404,419.165 447.703,398.751 451.288,396.952 454.174,399.343 470.102,389.192 
                473.687,387.997 473.692,388.004 477.571,392.673 479.865,395.571 482.151,398.353 490.819,409.011 492.813,411.695 
                495.304,414.284 502.275,412.902 504.859,415.373 513.419,401.445 515.421,398.45 522.796,397.36 529.065,401.445 539.909,392.08 
                543.703,392.479 544.092,388.801 "/>
              <polygon id="courtaboeuf" fill="#074d97" stroke="#F6F6F6" stroke-miterlimit="10" points="355.679,402.339 353.887,399.151 353.487,392.479 
                345.429,380.225 346.813,379.029 344.326,376.353 337.547,373.845 334.066,375.645 327.492,361.709 320.533,358.421 321.133,355.64 
                320.725,350.252 325.308,344.775 326.803,341.489 327.698,337.802 328.797,330.333 327.9,326.55 327.301,318.985 309.27,324.365 
                307.09,317.196 309.58,314.309 312.359,311.819 307.576,298.476 303.997,297.277 298.921,293.194 291.248,293.593 274.123,287.223 
                274.414,283.537 271.331,276.865 270.232,280.64 254.7,281.943 249.828,276.667 242.049,276.366 239.171,279.157 242.845,285.827 
                240.766,301.461 237.177,299.671 230.105,296.383 219.642,302.258 211.59,301.86 201.922,308.931 201.826,313.005 198.735,319.968 
                195.154,319.587 189.378,315.3 175.432,318.684 172.241,321.173 179.916,334.926 177.522,342.588 179.516,346.178 177.522,349.456 
                169.255,362.203 169.655,369.77 181.208,372.66 174.052,382.52 173.835,390.484 177.63,392.08 184.992,388.899 188.075,386.302 
                188.474,382.424 199.336,379.837 203.216,379.543 209.792,381.927 214.772,391.088 218.26,391.777 220.848,392.479 212.573,403.722 
                213.475,410.604 216.861,411.401 230.203,414.593 220.944,422.548 225.32,433.919 233.492,442.672 237.976,436.396 246.737,443.77 
                249.032,446.853 249.731,446.958 252.319,444.158 263.561,445.667 267.141,446.853 266.146,454.225 272.936,462.697 
                275.318,465.572 288.553,463.688 291.754,464.776 299.018,453.319 305.991,454.916 308.782,457.405 311.177,460.303 
                318.041,457.608 318.837,450.149 323.212,432.604 323.021,429.023 323.912,422.354 329.391,417.083 332.085,414.399 
                336.761,407.708 339.35,404.44 339.065,408.419 349.901,419.973 353.09,422.354 354.082,418.376 357.177,402.339 "/>
              <polygon id="paris_13" fill="#074d97" stroke="#F6F6F6" stroke-miterlimit="10" points="415.639,194.607 412.46,194.209 402.795,192.916 
                383.383,188.431 379.784,186.74 378.889,189.627 376.106,194.903 373.715,192.216 361.069,185.655 354.79,202.274 356.783,203.171 
                358.972,203.866 360.565,226.08 360.273,229.861 366.849,227.172 369.134,230.06 372.517,230.356 375.911,229.861 379.298,228.169 
                395.623,218.608 398.708,216.712 405.788,214.923 416.039,208.548 "/>
              <circle fill="#E8433E" stroke="#FFFFFF" stroke-width="0.5" cx="385.49" cy="179.707" r="3.605"/>
              <circle fill="#E8433E" stroke="#FFFFFF" stroke-width="0.5" cx="350.49" cy="215.707" r="3.605"/>
              <circle fill="#E8433E" stroke="#FFFFFF" stroke-width="0.5" cx="370.49" cy="215.707" r="3.605"/>
              <circle fill="#E8433E" stroke="#FFFFFF" stroke-width="0.5" cx="369.49" cy="139.707" r="3.605"/>
              <circle fill="#E8433E" stroke="#FFFFFF" stroke-width="0.5" cx="329.49" cy="89.707" r="3.605"/>
              <circle fill="#E8433E" stroke="#FFFFFF" stroke-width="0.5" cx="319.49" cy="259.707" r="3.605"/>
              <circle fill="#E8433E" stroke="#FFFFFF" stroke-width="0.5" cx="329.49" cy="389.707" r="3.605"/>
              <circle fill="#E8433E" stroke="#FFFFFF" stroke-width="0.5" cx="379.49" cy="419.707" r="3.605"/>
              <circle fill="#E8433E" stroke="#FFFFFF" stroke-width="0.5" cx="379.49" cy="499.707" r="3.605"/>
              <circle fill="#E8433E" stroke="#FFFFFF" stroke-width="0.5" cx="391.49" cy="142.707" r="3.605"/>
              <circle fill="#E8433E" stroke="#FFFFFF" stroke-width="0.5" cx="360.49" cy="116.707" r="3.605"/>
              <circle fill="#E8433E" stroke="#FFFFFF" stroke-width="0.5" cx="529.49" cy="202.707" r="3.605"/>
            </svg>-->
            